image_width: 1280
image_height: 720
camera_name: axis
camera_matrix:
  rows: 3
  cols: 3
  data: [13290.268728, 0.000000, 642.606586, 0.000000, 13173.867010, 360.737083, 0.000000, 0.000000, 1.000000]
distortion_model: plumb_bob
distortion_coefficients:
  rows: 1
  cols: 5
  data: [4.545112, -37.255465, -0.008168, 0.021672, 0.000000]
rectification_matrix:
  rows: 3
  cols: 3
  data: [1.000000, 0.000000, 0.000000, 0.000000, 1.000000, 0.000000, 0.000000, 0.000000, 1.000000]
projection_matrix:
  rows: 3
  cols: 4
  data: [13471.458984, 0.000000, 644.668753, 0.000000, 0.000000, 13373.222656, 360.265243, 0.000000, 0.000000, 0.000000, 1.000000, 0.000000]
