image_width: 1280
image_height: 720
camera_name: axis
camera_matrix:
  rows: 3
  cols: 3
  data: [4725.978425, 0.000000, 640.456233, 0.000000, 4724.630306, 239.698684, 0.000000, 0.000000, 1.000000]
distortion_model: plumb_bob
distortion_coefficients:
  rows: 1
  cols: 5
  data: [-0.038218, 7.165759, -0.010715, 0.005005, 0.000000]
rectification_matrix:
  rows: 3
  cols: 3
  data: [1.000000, 0.000000, 0.000000, 0.000000, 1.000000, 0.000000, 0.000000, 0.000000, 1.000000]
projection_matrix:
  rows: 3
  cols: 4
  data: [4741.857422, 0.000000, 641.790070, 0.000000, 0.000000, 4741.637207, 238.394809, 0.000000, 0.000000, 0.000000, 1.000000, 0.000000]
