image_width: 1280
image_height: 720
camera_name: axis
camera_matrix:
  rows: 3
  cols: 3
  data: [10981.501009, 0.000000, 630.468915, 0.000000, 10892.677249, 526.575719, 0.000000, 0.000000, 1.000000]
distortion_model: plumb_bob
distortion_coefficients:
  rows: 1
  cols: 5
  data: [3.363807, -273.927339, 0.037638, 0.007759, 0.000000]
rectification_matrix:
  rows: 3
  cols: 3
  data: [1.000000, 0.000000, 0.000000, 0.000000, 1.000000, 0.000000, 0.000000, 0.000000, 1.000000]
projection_matrix:
  rows: 3
  cols: 4
  data: [11090.838867, 0.000000, 631.421846, 0.000000, 0.000000, 10972.373047, 528.791250, 0.000000, 0.000000, 0.000000, 1.000000, 0.000000]
