image_width: 1280
image_height: 720
camera_name: axis
camera_matrix:
  rows: 3
  cols: 3
  data: [8860.592137, 0.000000, 577.540374, 0.000000, 8705.204363, 351.084671, 0.000000, 0.000000, 1.000000]
distortion_model: plumb_bob
distortion_coefficients:
  rows: 1
  cols: 5
  data: [1.967436, -46.009737, -0.013076, -0.023651, 0.000000]
rectification_matrix:
  rows: 3
  cols: 3
  data: [1.000000, 0.000000, 0.000000, 0.000000, 1.000000, 0.000000, 0.000000, 0.000000, 1.000000]
projection_matrix:
  rows: 3
  cols: 4
  data: [8960.416016, 0.000000, 574.916018, 0.000000, 0.000000, 8816.659180, 350.097681, 0.000000, 0.000000, 0.000000, 1.000000, 0.000000]
