image_width: 1280
image_height: 720
camera_name: axis
camera_matrix:
  rows: 3
  cols: 3
  data: [2848.718986, 0.000000, 650.974408, 0.000000, 2862.127071, 332.344098, 0.000000, 0.000000, 1.000000]
distortion_model: plumb_bob
distortion_coefficients:
  rows: 1
  cols: 5
  data: [0.018762, -0.831465, -0.006465, 0.000448, 0.000000]
rectification_matrix:
  rows: 3
  cols: 3
  data: [1.000000, 0.000000, 0.000000, 0.000000, 1.000000, 0.000000, 0.000000, 0.000000, 1.000000]
projection_matrix:
  rows: 3
  cols: 4
  data: [2846.986816, 0.000000, 651.264880, 0.000000, 0.000000, 2862.497070, 331.293173, 0.000000, 0.000000, 0.000000, 1.000000, 0.000000]
