image_width: 1280
image_height: 720
camera_name: axis
camera_matrix:
  rows: 3
  cols: 3
  data: [1228.957558, 0.000000, 623.821021, 0.000000, 1233.240590, 354.489868, 0.000000, 0.000000, 1.000000]
distortion_model: plumb_bob
distortion_coefficients:
  rows: 1
  cols: 5
  data: [-0.283951, 0.183947, 0.000564, -0.000791, 0.000000]
rectification_matrix:
  rows: 3
  cols: 3
  data: [1.000000, 0.000000, 0.000000, 0.000000, 1.000000, 0.000000, 0.000000, 0.000000, 1.000000]
projection_matrix:
  rows: 3
  cols: 4
  data: [1141.397705, 0.000000, 620.711049, 0.000000, 0.000000, 1203.648315, 354.419932, 0.000000, 0.000000, 0.000000, 1.000000, 0.000000]
