image_width: 1280
image_height: 720
camera_name: axis
camera_matrix:
  rows: 3
  cols: 3
  data: [6900.421495, 0.000000, 581.308773, 0.000000, 6907.521807, 424.768035, 0.000000, 0.000000, 1.000000]
distortion_model: plumb_bob
distortion_coefficients:
  rows: 1
  cols: 5
  data: [0.243758, 42.334006, 0.008163, -0.001221, 0.000000]
rectification_matrix:
  rows: 3
  cols: 3
  data: [1.000000, 0.000000, 0.000000, 0.000000, 1.000000, 0.000000, 0.000000, 0.000000, 1.000000]
projection_matrix:
  rows: 3
  cols: 4
  data: [6959.496582, 0.000000, 582.287374, 0.000000, 0.000000, 6974.102539, 425.331952, 0.000000, 0.000000, 0.000000, 1.000000, 0.000000]
